#x-xd
1	0.3	0	1	-0.124264	0	1	0.124264	0	1	0.3	0	1	-0.3	0	1	0.124264	0	1	-0.124264	0	1	-0.3	0	
2	0.269121	0	2	-0.135973	0	2	0.135973	0	2	0.269121	0	2	-0.269121	0	2	0.135973	0	2	-0.135973	0	2	-0.269121	0	
3	0.238369	0	3	-0.143025	0	3	0.143025	0	3	0.238369	0	3	-0.238369	0	3	0.143025	0	3	-0.143025	0	3	-0.238369	0	
4	0.208824	0	4	-0.145681	0	4	0.145681	0	4	0.208824	0	4	-0.208824	0	4	0.145681	0	4	-0.145681	0	4	-0.208824	0	
5	0.181327	0	5	-0.144536	0	5	0.144536	0	5	0.181327	0	5	-0.181327	0	5	0.144536	0	5	-0.144536	0	5	-0.181327	0	
6	0.156416	0	6	-0.140367	0	6	0.140367	0	6	0.156416	0	6	-0.156416	0	6	0.140367	0	6	-0.140367	0	6	-0.156416	0	
7	0.134334	0	7	-0.133996	0	7	0.133996	0	7	0.134334	0	7	-0.134334	0	7	0.133996	0	7	-0.133996	0	7	-0.134334	0	
8	0.115086	0	8	-0.126182	0	8	0.126182	0	8	0.115086	0	8	-0.115086	0	8	0.126182	0	8	-0.126182	0	8	-0.115086	0	
9	0.0985107	0	9	-0.117558	0	9	0.117558	0	9	0.0985107	0	9	-0.0985107	0	9	0.117558	0	9	-0.117558	0	9	-0.0985107	0	
10	0.0843558	0	10	-0.108616	0	10	0.108616	0	10	0.0843558	0	10	-0.0843558	0	10	0.108616	0	10	-0.108616	0	10	-0.0843558	0	
11	0.0723301	0	11	-0.0997102	0	11	0.0997102	0	11	0.0723301	0	11	-0.0723301	0	11	0.0997102	0	11	-0.0997102	0	11	-0.0723301	0	
12	0.0621411	0	12	-0.0910837	0	12	0.0910837	0	12	0.0621411	0	12	-0.0621411	0	12	0.0910837	0	12	-0.0910837	0	12	-0.0621411	0	
13	0.0535153	0	13	-0.0828898	0	13	0.0828898	0	13	0.0535153	0	13	-0.0535153	0	13	0.0828898	0	13	-0.0828898	0	13	-0.0535153	0	
14	0.0462086	0	14	-0.0752161	0	14	0.0752161	0	14	0.0462086	0	14	-0.0462086	0	14	0.0752161	0	14	-0.0752161	0	14	-0.0462086	0	
15	0.0400097	0	15	-0.0681034	0	15	0.0681034	0	15	0.0400097	0	15	-0.0400097	0	15	0.0681034	0	15	-0.0681034	0	15	-0.0400097	0	
16	0.0347388	0	16	-0.0615609	0	16	0.0615609	0	16	0.0347388	0	16	-0.0347388	0	16	0.0615609	0	16	-0.0615609	0	16	-0.0347388	0	
17	0.0302448	0	17	-0.055577	0	17	0.055577	0	17	0.0302448	0	17	-0.0302448	0	17	0.055577	0	17	-0.055577	0	17	-0.0302448	0	
18	0.0264017	0	18	-0.0501272	0	18	0.0501272	0	18	0.0264017	0	18	-0.0264017	0	18	0.0501272	0	18	-0.0501272	0	18	-0.0264017	0	
19	0.023105	0	19	-0.0451796	0	19	0.0451796	0	19	0.023105	0	19	-0.023105	0	19	0.0451796	0	19	-0.0451796	0	19	-0.023105	0	
20	0.020268	0	20	-0.0406986	0	20	0.0406986	0	20	0.020268	0	20	-0.020268	0	20	0.0406986	0	20	-0.0406986	0	20	-0.020268	0	
21	0.017819	0	21	-0.0366476	0	21	0.0366476	0	21	0.017819	0	21	-0.017819	0	21	0.0366476	0	21	-0.0366476	0	21	-0.017819	0	
22	0.0156984	0	22	-0.0329903	0	22	0.0329903	0	22	0.0156984	0	22	-0.0156984	0	22	0.0329903	0	22	-0.0329903	0	22	-0.0156984	0	
23	0.0138567	0	23	-0.0296917	0	23	0.0296917	0	23	0.0138567	0	23	-0.0138567	0	23	0.0296917	0	23	-0.0296917	0	23	-0.0138567	0	
24	0.0122527	0	24	-0.026719	0	24	0.026719	0	24	0.0122527	0	24	-0.0122527	0	24	0.026719	0	24	-0.026719	0	24	-0.0122527	0	
25	0.0108521	0	25	-0.0240414	0	25	0.0240414	0	25	0.0108521	0	25	-0.0108521	0	25	0.0240414	0	25	-0.0240414	0	25	-0.0108521	0	
26	0.00962589	0	26	-0.0216306	0	26	0.0216306	0	26	0.00962589	0	26	-0.00962589	0	26	0.0216306	0	26	-0.0216306	0	26	-0.00962589	0	
27	0.0085499	0	27	-0.0194608	0	27	0.0194608	0	27	0.0085499	0	27	-0.0085499	0	27	0.0194608	0	27	-0.0194608	0	27	-0.0085499	0	
28	0.00760365	0	28	-0.0175082	0	28	0.0175082	0	28	0.00760365	0	28	-0.00760365	0	28	0.0175082	0	28	-0.0175082	0	28	-0.00760365	0	
29	0.0067698	0	29	-0.0157514	0	29	0.0157514	0	29	0.0067698	0	29	-0.0067698	0	29	0.0157514	0	29	-0.0157514	0	29	-0.0067698	0	
30	0.00603363	0	30	-0.0141708	0	30	0.0141708	0	30	0.00603363	0	30	-0.00603363	0	30	0.0141708	0	30	-0.0141708	0	30	-0.00603363	0	
31	0.00538256	0	31	-0.012749	0	31	0.012749	0	31	0.00538256	0	31	-0.00538256	0	31	0.012749	0	31	-0.012749	0	31	-0.00538256	0	
32	0.00480584	0	32	-0.01147	0	32	0.01147	0	32	0.00480584	0	32	-0.00480584	0	32	0.01147	0	32	-0.01147	0	32	-0.00480584	0	
33	0.00429422	0	33	-0.0103195	0	33	0.0103195	0	33	0.00429422	0	33	-0.00429422	0	33	0.0103195	0	33	-0.0103195	0	33	-0.00429422	0	
34	0.00383976	0	34	-0.00928453	0	34	0.00928453	0	34	0.00383976	0	34	-0.00383976	0	34	0.00928453	0	34	-0.00928453	0	34	-0.00383976	0	
35	0.00343557	0	35	-0.00835355	0	35	0.00835355	0	35	0.00343557	0	35	-0.00343557	0	35	0.00835355	0	35	-0.00835355	0	35	-0.00343557	0	
36	0.0030757	0	36	-0.00751608	0	36	0.00751608	0	36	0.0030757	0	36	-0.0030757	0	36	0.00751608	0	36	-0.00751608	0	36	-0.0030757	0	
37	0.00275495	0	37	-0.0067627	0	37	0.0067627	0	37	0.00275495	0	37	-0.00275495	0	37	0.0067627	0	37	-0.0067627	0	37	-0.00275495	0	
38	0.0024688	0	38	-0.00608496	0	38	0.00608496	0	38	0.0024688	0	38	-0.0024688	0	38	0.00608496	0	38	-0.00608496	0	38	-0.0024688	0	
39	0.00221331	0	39	-0.00547524	0	39	0.00547524	0	39	0.00221331	0	39	-0.00221331	0	39	0.00547524	0	39	-0.00547524	0	39	-0.00221331	0	
40	0.00198503	0	40	-0.00492671	0	40	0.00492671	0	40	0.00198503	0	40	-0.00198503	0	40	0.00492671	0	40	-0.00492671	0	40	-0.00198503	0	
41	0.0017809	0	41	-0.00443321	0	41	0.00443321	0	41	0.0017809	0	41	-0.0017809	0	41	0.00443321	0	41	-0.00443321	0	41	-0.0017809	0	
42	0.00159826	0	42	-0.00398921	0	42	0.00398921	0	42	0.00159826	0	42	-0.00159826	0	42	0.00398921	0	42	-0.00398921	0	42	-0.00159826	0	
43	0.00143476	0	43	-0.00358972	0	43	0.00358972	0	43	0.00143476	0	43	-0.00143476	0	43	0.00358972	0	43	-0.00358972	0	43	-0.00143476	0	
44	0.00128831	0	44	-0.00323029	0	44	0.00323029	0	44	0.00128831	0	44	-0.00128831	0	44	0.00323029	0	44	-0.00323029	0	44	-0.00128831	0	
45	0.00115707	0	45	-0.00290689	0	45	0.00290689	0	45	0.00115707	0	45	-0.00115707	0	45	0.00290689	0	45	-0.00290689	0	45	-0.00115707	0	
46	0.00103942	0	46	-0.00261589	0	46	0.00261589	0	46	0.00103942	0	46	-0.00103942	0	46	0.00261589	0	46	-0.00261589	0	46	-0.00103942	0	
47	0.000933898	0	47	-0.00235405	0	47	0.00235405	0	47	0.000933898	0	47	-0.000933898	0	47	0.00235405	0	47	-0.00235405	0	47	-0.000933898	0	
48	0.000839233	0	48	-0.00211844	0	48	0.00211844	0	48	0.000839233	0	48	-0.000839233	0	48	0.00211844	0	48	-0.00211844	0	48	-0.000839233	0	
49	0.000754278	0	49	-0.00190643	0	49	0.00190643	0	49	0.000754278	0	49	-0.000754278	0	49	0.00190643	0	49	-0.00190643	0	49	-0.000754278	0	
50	0.000678015	0	50	-0.00171565	0	50	0.00171565	0	50	0.000678015	0	50	-0.000678015	0	50	0.00171565	0	50	-0.00171565	0	50	-0.000678015	0	
51	0.000609537	0	51	-0.00154397	0	51	0.00154397	0	51	0.000609537	0	51	-0.000609537	0	51	0.00154397	0	51	-0.00154397	0	51	-0.000609537	0	
52	0.000548036	0	52	-0.00138948	0	52	0.00138948	0	52	0.000548036	0	52	-0.000548036	0	52	0.00138948	0	52	-0.00138948	0	52	-0.000548036	0	
53	0.00049279	0	53	-0.00125046	0	53	0.00125046	0	53	0.00049279	0	53	-0.00049279	0	53	0.00125046	0	53	-0.00125046	0	53	-0.00049279	0	
54	0.000443152	0	54	-0.00112536	0	54	0.00112536	0	54	0.000443152	0	54	-0.000443152	0	54	0.00112536	0	54	-0.00112536	0	54	-0.000443152	0	
55	0.000398546	0	55	-0.00101277	0	55	0.00101277	0	55	0.000398546	0	55	-0.000398546	0	55	0.00101277	0	55	-0.00101277	0	55	-0.000398546	0	
56	0.000358457	0	56	-0.000911455	0	56	0.000911455	0	56	0.000358457	0	56	-0.000358457	0	56	0.000911455	0	56	-0.000911455	0	56	-0.000358457	0	
57	0.00032242	0	57	-0.000820278	0	57	0.000820278	0	57	0.00032242	0	57	-0.00032242	0	57	0.000820278	0	57	-0.000820278	0	57	-0.00032242	0	
58	0.000290024	0	58	-0.000738224	0	58	0.000738224	0	58	0.000290024	0	58	-0.000290024	0	58	0.000738224	0	58	-0.000738224	0	58	-0.000290024	0	
59	0.000260897	0	59	-0.00066438	0	59	0.00066438	0	59	0.000260897	0	59	-0.000260897	0	59	0.00066438	0	59	-0.00066438	0	59	-0.000260897	0	
60	0.000234706	0	60	-0.000597925	0	60	0.000597925	0	60	0.000234706	0	60	-0.000234706	0	60	0.000597925	0	60	-0.000597925	0	60	-0.000234706	0	
61	0.000211154	0	61	-0.000538119	0	61	0.000538119	0	61	0.000211154	0	61	-0.000211154	0	61	0.000538119	0	61	-0.000538119	0	61	-0.000211154	0	
62	0.000189972	0	62	-0.000484295	0	62	0.000484295	0	62	0.000189972	0	62	-0.000189972	0	62	0.000484295	0	62	-0.000484295	0	62	-0.000189972	0	
63	0.000170921	0	63	-0.000435857	0	63	0.000435857	0	63	0.000170921	0	63	-0.000170921	0	63	0.000435857	0	63	-0.000435857	0	63	-0.000170921	0	
64	0.000153786	0	64	-0.000392264	0	64	0.000392264	0	64	0.000153786	0	64	-0.000153786	0	64	0.000392264	0	64	-0.000392264	0	64	-0.000153786	0	
65	0.000138372	0	65	-0.000353031	0	65	0.000353031	0	65	0.000138372	0	65	-0.000138372	0	65	0.000353031	0	65	-0.000353031	0	65	-0.000138372	0	
66	0.000124506	0	66	-0.000317723	0	66	0.000317723	0	66	0.000124506	0	66	-0.000124506	0	66	0.000317723	0	66	-0.000317723	0	66	-0.000124506	0	
67	0.000112032	0	67	-0.000285947	0	67	0.000285947	0	67	0.000112032	0	67	-0.000112032	0	67	0.000285947	0	67	-0.000285947	0	67	-0.000112032	0	
68	0.00010081	0	68	-0.000257349	0	68	0.000257349	0	68	0.00010081	0	68	-0.00010081	0	68	0.000257349	0	68	-0.000257349	0	68	-0.00010081	0	
69	9.07142e-05	0	69	-0.000231612	0	69	0.000231612	0	69	9.07142e-05	0	69	-9.07142e-05	0	69	0.000231612	0	69	-0.000231612	0	69	-9.07142e-05	0	
70	8.16305e-05	0	70	-0.000208448	0	70	0.000208448	0	70	8.16305e-05	0	70	-8.16305e-05	0	70	0.000208448	0	70	-0.000208448	0	70	-8.16305e-05	0	
71	7.34575e-05	0	71	-0.000187602	0	71	0.000187602	0	71	7.34575e-05	0	71	-7.34575e-05	0	71	0.000187602	0	71	-0.000187602	0	71	-7.34575e-05	0	
72	6.61037e-05	0	72	-0.00016884	0	72	0.00016884	0	72	6.61037e-05	0	72	-6.61037e-05	0	72	0.00016884	0	72	-0.00016884	0	72	-6.61037e-05	0	
73	5.94868e-05	0	73	-0.000151955	0	73	0.000151955	0	73	5.94868e-05	0	73	-5.94868e-05	0	73	0.000151955	0	73	-0.000151955	0	73	-5.94868e-05	0	
74	5.35329e-05	0	74	-0.000136759	0	74	0.000136759	0	74	5.35329e-05	0	74	-5.35329e-05	0	74	0.000136759	0	74	-0.000136759	0	74	-5.35329e-05	0	
75	4.81753e-05	0	75	-0.000123082	0	75	0.000123082	0	75	4.81753e-05	0	75	-4.81753e-05	0	75	0.000123082	0	75	-0.000123082	0	75	-4.81753e-05	0	
76	4.33543e-05	0	76	-0.000110773	0	76	0.000110773	0	76	4.33543e-05	0	76	-4.33543e-05	0	76	0.000110773	0	76	-0.000110773	0	76	-4.33543e-05	0	
77	3.90161e-05	0	77	-9.96954e-05	0	77	9.96954e-05	0	77	3.90161e-05	0	77	-3.90161e-05	0	77	9.96954e-05	0	77	-9.96954e-05	0	77	-3.90161e-05	0	
78	3.51122e-05	0	78	-8.97255e-05	0	78	8.97255e-05	0	78	3.51122e-05	0	78	-3.51122e-05	0	78	8.97255e-05	0	78	-8.97255e-05	0	78	-3.51122e-05	0	
79	3.15991e-05	0	79	-8.07526e-05	0	79	8.07526e-05	0	79	3.15991e-05	0	79	-3.15991e-05	0	79	8.07526e-05	0	79	-8.07526e-05	0	79	-3.15991e-05	0	
80	2.84377e-05	0	80	-7.26771e-05	0	80	7.26771e-05	0	80	2.84377e-05	0	80	-2.84377e-05	0	80	7.26771e-05	0	80	-7.26771e-05	0	80	-2.84377e-05	0	
81	2.55928e-05	0	81	-6.54092e-05	0	81	6.54092e-05	0	81	2.55928e-05	0	81	-2.55928e-05	0	81	6.54092e-05	0	81	-6.54092e-05	0	81	-2.55928e-05	0	
82	2.30325e-05	0	82	-5.88681e-05	0	82	5.88681e-05	0	82	2.30325e-05	0	82	-2.30325e-05	0	82	5.88681e-05	0	82	-5.88681e-05	0	82	-2.30325e-05	0	
83	2.07285e-05	0	83	-5.29811e-05	0	83	5.29811e-05	0	83	2.07285e-05	0	83	-2.07285e-05	0	83	5.29811e-05	0	83	-5.29811e-05	0	83	-2.07285e-05	0	
84	1.8655e-05	0	84	-4.76829e-05	0	84	4.76829e-05	0	84	1.8655e-05	0	84	-1.8655e-05	0	84	4.76829e-05	0	84	-4.76829e-05	0	84	-1.8655e-05	0	
85	1.6789e-05	0	85	-4.29145e-05	0	85	4.29145e-05	0	85	1.6789e-05	0	85	-1.6789e-05	0	85	4.29145e-05	0	85	-4.29145e-05	0	85	-1.6789e-05	0	
86	1.51096e-05	0	86	-3.8623e-05	0	86	3.8623e-05	0	86	1.51096e-05	0	86	-1.51096e-05	0	86	3.8623e-05	0	86	-3.8623e-05	0	86	-1.51096e-05	0	
87	1.35983e-05	0	87	-3.47606e-05	0	87	3.47606e-05	0	87	1.35983e-05	0	87	-1.35983e-05	0	87	3.47606e-05	0	87	-3.47606e-05	0	87	-1.35983e-05	0	
88	1.22382e-05	0	88	-3.12845e-05	0	88	3.12845e-05	0	88	1.22382e-05	0	88	-1.22382e-05	0	88	3.12845e-05	0	88	-3.12845e-05	0	88	-1.22382e-05	0	
89	1.10142e-05	0	89	-2.8156e-05	0	89	2.8156e-05	0	89	1.10142e-05	0	89	-1.10142e-05	0	89	2.8156e-05	0	89	-2.8156e-05	0	89	-1.10142e-05	0	
90	9.91258e-06	0	90	-2.53404e-05	0	90	2.53404e-05	0	90	9.91258e-06	0	90	-9.91258e-06	0	90	2.53404e-05	0	90	-2.53404e-05	0	90	-9.91258e-06	0	
91	8.92117e-06	0	91	-2.28063e-05	0	91	2.28063e-05	0	91	8.92117e-06	0	91	-8.92117e-06	0	91	2.28063e-05	0	91	-2.28063e-05	0	91	-8.92117e-06	0	
92	8.02894e-06	0	92	-2.05257e-05	0	92	2.05257e-05	0	92	8.02894e-06	0	92	-8.02894e-06	0	92	2.05257e-05	0	92	-2.05257e-05	0	92	-8.02894e-06	0	
93	7.22595e-06	0	93	-1.84731e-05	0	93	1.84731e-05	0	93	7.22595e-06	0	93	-7.22595e-06	0	93	1.84731e-05	0	93	-1.84731e-05	0	93	-7.22595e-06	0	
94	6.50327e-06	0	94	-1.66258e-05	0	94	1.66258e-05	0	94	6.50327e-06	0	94	-6.50327e-06	0	94	1.66258e-05	0	94	-1.66258e-05	0	94	-6.50327e-06	0	
95	5.85288e-06	0	95	-1.49632e-05	0	95	1.49632e-05	0	95	5.85288e-06	0	95	-5.85288e-06	0	95	1.49632e-05	0	95	-1.49632e-05	0	95	-5.85288e-06	0	
96	5.26754e-06	0	96	-1.34669e-05	0	96	1.34669e-05	0	96	5.26754e-06	0	96	-5.26754e-06	0	96	1.34669e-05	0	96	-1.34669e-05	0	96	-5.26754e-06	0	
97	4.74075e-06	0	97	-1.21202e-05	0	97	1.21202e-05	0	97	4.74075e-06	0	97	-4.74075e-06	0	97	1.21202e-05	0	97	-1.21202e-05	0	97	-4.74075e-06	0	
98	4.26664e-06	0	98	-1.09081e-05	0	98	1.09081e-05	0	98	4.26664e-06	0	98	-4.26664e-06	0	98	1.09081e-05	0	98	-1.09081e-05	0	98	-4.26664e-06	0	
99	3.83995e-06	0	99	-9.81733e-06	0	99	9.81733e-06	0	99	3.83995e-06	0	99	-3.83995e-06	0	99	9.81733e-06	0	99	-9.81733e-06	0	99	-3.83995e-06	0	
100	3.45593e-06	0	100	-8.83559e-06	0	100	8.83559e-06	0	100	3.45593e-06	0	100	-3.45593e-06	0	100	8.83559e-06	0	100	-8.83559e-06	0	100	-3.45593e-06	0	
101	3.11032e-06	0	101	-7.95203e-06	0	101	7.95203e-06	0	101	3.11032e-06	0	101	-3.11032e-06	0	101	7.95203e-06	0	101	-7.95203e-06	0	101	-3.11032e-06	0	
102	2.79927e-06	0	102	-7.15682e-06	0	102	7.15682e-06	0	102	2.79927e-06	0	102	-2.79927e-06	0	102	7.15682e-06	0	102	-7.15682e-06	0	102	-2.79927e-06	0	
103	2.51933e-06	0	103	-6.44114e-06	0	103	6.44114e-06	0	103	2.51933e-06	0	103	-2.51933e-06	0	103	6.44114e-06	0	103	-6.44114e-06	0	103	-2.51933e-06	0	
104	2.26739e-06	0	104	-5.79702e-06	0	104	5.79702e-06	0	104	2.26739e-06	0	104	-2.26739e-06	0	104	5.79702e-06	0	104	-5.79702e-06	0	104	-2.26739e-06	0	
105	2.04065e-06	0	105	-5.21732e-06	0	105	5.21732e-06	0	105	2.04065e-06	0	105	-2.04065e-06	0	105	5.21732e-06	0	105	-5.21732e-06	0	105	-2.04065e-06	0	
106	1.83657e-06	0	106	-4.69559e-06	0	106	4.69559e-06	0	106	1.83657e-06	0	106	-1.83657e-06	0	106	4.69559e-06	0	106	-4.69559e-06	0	106	-1.83657e-06	0	
107	1.65291e-06	0	107	-4.22603e-06	0	107	4.22603e-06	0	107	1.65291e-06	0	107	-1.65291e-06	0	107	4.22603e-06	0	107	-4.22603e-06	0	107	-1.65291e-06	0	
108	1.48762e-06	0	108	-3.80342e-06	0	108	3.80342e-06	0	108	1.48762e-06	0	108	-1.48762e-06	0	108	3.80342e-06	0	108	-3.80342e-06	0	108	-1.48762e-06	0	
109	1.33885e-06	0	109	-3.42308e-06	0	109	3.42308e-06	0	109	1.33885e-06	0	109	-1.33885e-06	0	109	3.42308e-06	0	109	-3.42308e-06	0	109	-1.33885e-06	0	
110	1.20496e-06	0	110	-3.08077e-06	0	110	3.08077e-06	0	110	1.20496e-06	0	110	-1.20496e-06	0	110	3.08077e-06	0	110	-3.08077e-06	0	110	-1.20496e-06	0	
111	1.08447e-06	0	111	-2.77269e-06	0	111	2.77269e-06	0	111	1.08447e-06	0	111	-1.08447e-06	0	111	2.77269e-06	0	111	-2.77269e-06	0	111	-1.08447e-06	0	
112	9.76017e-07	0	112	-2.49542e-06	0	112	2.49542e-06	0	112	9.76017e-07	0	112	-9.76017e-07	0	112	2.49542e-06	0	112	-2.49542e-06	0	112	-9.76017e-07	0	
113	8.78414e-07	0	113	-2.24588e-06	0	113	2.24588e-06	0	113	8.78414e-07	0	113	-8.78414e-07	0	113	2.24588e-06	0	113	-2.24588e-06	0	113	-8.78414e-07	0	
114	7.90571e-07	0	114	-2.02129e-06	0	114	2.02129e-06	0	114	7.90571e-07	0	114	-7.90571e-07	0	114	2.02129e-06	0	114	-2.02129e-06	0	114	-7.90571e-07	0	
115	7.11513e-07	0	115	-1.81916e-06	0	115	1.81916e-06	0	115	7.11513e-07	0	115	-7.11513e-07	0	115	1.81916e-06	0	115	-1.81916e-06	0	115	-7.11513e-07	0	
116	6.40361e-07	0	116	-1.63725e-06	0	116	1.63725e-06	0	116	6.40361e-07	0	116	-6.40361e-07	0	116	1.63725e-06	0	116	-1.63725e-06	0	116	-6.40361e-07	0	
117	5.76324e-07	0	117	-1.47352e-06	0	117	1.47352e-06	0	117	5.76324e-07	0	117	-5.76324e-07	0	117	1.47352e-06	0	117	-1.47352e-06	0	117	-5.76324e-07	0	
118	5.18691e-07	0	118	-1.32617e-06	0	118	1.32617e-06	0	118	5.18691e-07	0	118	-5.18691e-07	0	118	1.32617e-06	0	118	-1.32617e-06	0	118	-5.18691e-07	0	
119	4.66822e-07	0	119	-1.19355e-06	0	119	1.19355e-06	0	119	4.66822e-07	0	119	-4.66822e-07	0	119	1.19355e-06	0	119	-1.19355e-06	0	119	-4.66822e-07	0	
120	4.20139e-07	0	120	-1.0742e-06	0	120	1.0742e-06	0	120	4.20139e-07	0	120	-4.20139e-07	0	120	1.0742e-06	0	120	-1.0742e-06	0	120	-4.20139e-07	0	
121	3.78125e-07	0	121	-9.66778e-07	0	121	9.66778e-07	0	121	3.78125e-07	0	121	-3.78125e-07	0	121	9.66778e-07	0	121	-9.66778e-07	0	121	-3.78125e-07	0	
122	3.40312e-07	0	122	-8.701e-07	0	122	8.701e-07	0	122	3.40312e-07	0	122	-3.40312e-07	0	122	8.701e-07	0	122	-8.701e-07	0	122	-3.40312e-07	0	
123	3.06281e-07	0	123	-7.8309e-07	0	123	7.8309e-07	0	123	3.06281e-07	0	123	-3.06281e-07	0	123	7.8309e-07	0	123	-7.8309e-07	0	123	-3.06281e-07	0	
124	2.75653e-07	0	124	-7.04781e-07	0	124	7.04781e-07	0	124	2.75653e-07	0	124	-2.75653e-07	0	124	7.04781e-07	0	124	-7.04781e-07	0	124	-2.75653e-07	0	
125	2.48087e-07	0	125	-6.34303e-07	0	125	6.34303e-07	0	125	2.48087e-07	0	125	-2.48087e-07	0	125	6.34303e-07	0	125	-6.34303e-07	0	125	-2.48087e-07	0	
126	2.23279e-07	0	126	-5.70873e-07	0	126	5.70873e-07	0	126	2.23279e-07	0	126	-2.23279e-07	0	126	5.70873e-07	0	126	-5.70873e-07	0	126	-2.23279e-07	0	
127	2.00951e-07	0	127	-5.13785e-07	0	127	5.13785e-07	0	127	2.00951e-07	0	127	-2.00951e-07	0	127	5.13785e-07	0	127	-5.13785e-07	0	127	-2.00951e-07	0	
128	1.80856e-07	0	128	-4.62407e-07	0	128	4.62407e-07	0	128	1.80856e-07	0	128	-1.80856e-07	0	128	4.62407e-07	0	128	-4.62407e-07	0	128	-1.80856e-07	0	
129	1.6277e-07	0	129	-4.16166e-07	0	129	4.16166e-07	0	129	1.6277e-07	0	129	-1.6277e-07	0	129	4.16166e-07	0	129	-4.16166e-07	0	129	-1.6277e-07	0	
130	1.46493e-07	0	130	-3.74549e-07	0	130	3.74549e-07	0	130	1.46493e-07	0	130	-1.46493e-07	0	130	3.74549e-07	0	130	-3.74549e-07	0	130	-1.46493e-07	0	
131	1.31844e-07	0	131	-3.37095e-07	0	131	3.37095e-07	0	131	1.31844e-07	0	131	-1.31844e-07	0	131	3.37095e-07	0	131	-3.37095e-07	0	131	-1.31844e-07	0	
132	1.18659e-07	0	132	-3.03385e-07	0	132	3.03385e-07	0	132	1.18659e-07	0	132	-1.18659e-07	0	132	3.03385e-07	0	132	-3.03385e-07	0	132	-1.18659e-07	0	
133	1.06793e-07	0	133	-2.73047e-07	0	133	2.73047e-07	0	133	1.06793e-07	0	133	-1.06793e-07	0	133	2.73047e-07	0	133	-2.73047e-07	0	133	-1.06793e-07	0	
134	9.61139e-08	0	134	-2.45742e-07	0	134	2.45742e-07	0	134	9.61139e-08	0	134	-9.61139e-08	0	134	2.45742e-07	0	134	-2.45742e-07	0	134	-9.61139e-08	0	
135	8.65025e-08	0	135	-2.21168e-07	0	135	2.21168e-07	0	135	8.65025e-08	0	135	-8.65025e-08	0	135	2.21168e-07	0	135	-2.21168e-07	0	135	-8.65025e-08	0	
136	7.78522e-08	0	136	-1.99051e-07	0	136	1.99051e-07	0	136	7.78522e-08	0	136	-7.78522e-08	0	136	1.99051e-07	0	136	-1.99051e-07	0	136	-7.78522e-08	0	
137	7.0067e-08	0	137	-1.79146e-07	0	137	1.79146e-07	0	137	7.0067e-08	0	137	-7.0067e-08	0	137	1.79146e-07	0	137	-1.79146e-07	0	137	-7.0067e-08	0	
138	6.30603e-08	0	138	-1.61231e-07	0	138	1.61231e-07	0	138	6.30603e-08	0	138	-6.30603e-08	0	138	1.61231e-07	0	138	-1.61231e-07	0	138	-6.30603e-08	0	
139	5.67543e-08	0	139	-1.45108e-07	0	139	1.45108e-07	0	139	5.67543e-08	0	139	-5.67543e-08	0	139	1.45108e-07	0	139	-1.45108e-07	0	139	-5.67543e-08	0	
140	5.10788e-08	0	140	-1.30597e-07	0	140	1.30597e-07	0	140	5.10788e-08	0	140	-5.10788e-08	0	140	1.30597e-07	0	140	-1.30597e-07	0	140	-5.10788e-08	0	
141	4.59709e-08	0	141	-1.17538e-07	0	141	1.17538e-07	0	141	4.59709e-08	0	141	-4.59709e-08	0	141	1.17538e-07	0	141	-1.17538e-07	0	141	-4.59709e-08	0	
142	4.13738e-08	0	142	-1.05784e-07	0	142	1.05784e-07	0	142	4.13738e-08	0	142	-4.13738e-08	0	142	1.05784e-07	0	142	-1.05784e-07	0	142	-4.13738e-08	0	
143	3.72365e-08	0	143	-9.52054e-08	0	143	9.52054e-08	0	143	3.72365e-08	0	143	-3.72365e-08	0	143	9.52054e-08	0	143	-9.52054e-08	0	143	-3.72365e-08	0	
144	3.35128e-08	0	144	-8.56849e-08	0	144	8.56849e-08	0	144	3.35128e-08	0	144	-3.35128e-08	0	144	8.56849e-08	0	144	-8.56849e-08	0	144	-3.35128e-08	0	
145	3.01615e-08	0	145	-7.71164e-08	0	145	7.71164e-08	0	145	3.01615e-08	0	145	-3.01615e-08	0	145	7.71164e-08	0	145	-7.71164e-08	0	145	-3.01615e-08	0	
146	2.71454e-08	0	146	-6.94048e-08	0	146	6.94048e-08	0	146	2.71454e-08	0	146	-2.71454e-08	0	146	6.94048e-08	0	146	-6.94048e-08	0	146	-2.71454e-08	0	
147	2.44308e-08	0	147	-6.24643e-08	0	147	6.24643e-08	0	147	2.44308e-08	0	147	-2.44308e-08	0	147	6.24643e-08	0	147	-6.24643e-08	0	147	-2.44308e-08	0	
148	2.19878e-08	0	148	-5.62179e-08	0	148	5.62179e-08	0	148	2.19878e-08	0	148	-2.19878e-08	0	148	5.62179e-08	0	148	-5.62179e-08	0	148	-2.19878e-08	0	
149	1.9789e-08	0	149	-5.05961e-08	0	149	5.05961e-08	0	149	1.9789e-08	0	149	-1.9789e-08	0	149	5.05961e-08	0	149	-5.05961e-08	0	149	-1.9789e-08	0	
150	1.78101e-08	0	150	-4.55365e-08	0	150	4.55365e-08	0	150	1.78101e-08	0	150	-1.78101e-08	0	150	4.55365e-08	0	150	-4.55365e-08	0	150	-1.78101e-08	0	
151	1.60291e-08	0	151	-4.09828e-08	0	151	4.09828e-08	0	151	1.60291e-08	0	151	-1.60291e-08	0	151	4.09828e-08	0	151	-4.09828e-08	0	151	-1.60291e-08	0	
152	1.44262e-08	0	152	-3.68845e-08	0	152	3.68845e-08	0	152	1.44262e-08	0	152	-1.44262e-08	0	152	3.68845e-08	0	152	-3.68845e-08	0	152	-1.44262e-08	0	
153	1.29835e-08	0	153	-3.31961e-08	0	153	3.31961e-08	0	153	1.29835e-08	0	153	-1.29835e-08	0	153	3.31961e-08	0	153	-3.31961e-08	0	153	-1.29835e-08	0	
154	1.16852e-08	0	154	-2.98765e-08	0	154	2.98765e-08	0	154	1.16852e-08	0	154	-1.16852e-08	0	154	2.98765e-08	0	154	-2.98765e-08	0	154	-1.16852e-08	0	
155	1.05167e-08	0	155	-2.68888e-08	0	155	2.68888e-08	0	155	1.05167e-08	0	155	-1.05167e-08	0	155	2.68888e-08	0	155	-2.68888e-08	0	155	-1.05167e-08	0	
156	9.465e-09	0	156	-2.41999e-08	0	156	2.41999e-08	0	156	9.465e-09	0	156	-9.465e-09	0	156	2.41999e-08	0	156	-2.41999e-08	0	156	-9.465e-09	0	
157	8.5185e-09	0	157	-2.178e-08	0	157	2.178e-08	0	157	8.5185e-09	0	157	-8.5185e-09	0	157	2.178e-08	0	157	-2.178e-08	0	157	-8.5185e-09	0	
158	7.66665e-09	0	158	-1.9602e-08	0	158	1.9602e-08	0	158	7.66665e-09	0	158	-7.66665e-09	0	158	1.9602e-08	0	158	-1.9602e-08	0	158	-7.66665e-09	0	
159	6.89999e-09	0	159	-1.76418e-08	0	159	1.76418e-08	0	159	6.89999e-09	0	159	-6.89999e-09	0	159	1.76418e-08	0	159	-1.76418e-08	0	159	-6.89999e-09	0	
160	6.20999e-09	0	160	-1.58776e-08	0	160	1.58776e-08	0	160	6.20999e-09	0	160	-6.20999e-09	0	160	1.58776e-08	0	160	-1.58776e-08	0	160	-6.20999e-09	0	
161	5.58899e-09	0	161	-1.42898e-08	0	161	1.42898e-08	0	161	5.58899e-09	0	161	-5.58899e-09	0	161	1.42898e-08	0	161	-1.42898e-08	0	161	-5.58899e-09	0	
162	5.03009e-09	0	162	-1.28608e-08	0	162	1.28608e-08	0	162	5.03009e-09	0	162	-5.03009e-09	0	162	1.28608e-08	0	162	-1.28608e-08	0	162	-5.03009e-09	0	
163	4.52708e-09	0	163	-1.15748e-08	0	163	1.15748e-08	0	163	4.52708e-09	0	163	-4.52708e-09	0	163	1.15748e-08	0	163	-1.15748e-08	0	163	-4.52708e-09	0	
164	4.07437e-09	0	164	-1.04173e-08	0	164	1.04173e-08	0	164	4.07437e-09	0	164	-4.07437e-09	0	164	1.04173e-08	0	164	-1.04173e-08	0	164	-4.07437e-09	0	
165	3.66694e-09	0	165	-9.37555e-09	0	165	9.37555e-09	0	165	3.66694e-09	0	165	-3.66694e-09	0	165	9.37555e-09	0	165	-9.37555e-09	0	165	-3.66694e-09	0	
166	3.30024e-09	0	166	-8.438e-09	0	166	8.438e-09	0	166	3.30024e-09	0	166	-3.30024e-09	0	166	8.438e-09	0	166	-8.438e-09	0	166	-3.30024e-09	0	
167	2.97022e-09	0	167	-7.5942e-09	0	167	7.5942e-09	0	167	2.97022e-09	0	167	-2.97022e-09	0	167	7.5942e-09	0	167	-7.5942e-09	0	167	-2.97022e-09	0	
168	2.6732e-09	0	168	-6.83478e-09	0	168	6.83478e-09	0	168	2.6732e-09	0	168	-2.6732e-09	0	168	6.83478e-09	0	168	-6.83478e-09	0	168	-2.6732e-09	0	
169	2.40588e-09	0	169	-6.1513e-09	0	169	6.1513e-09	0	169	2.40588e-09	0	169	-2.40588e-09	0	169	6.1513e-09	0	169	-6.1513e-09	0	169	-2.40588e-09	0	
170	2.16529e-09	0	170	-5.53617e-09	0	170	5.53617e-09	0	170	2.16529e-09	0	170	-2.16529e-09	0	170	5.53617e-09	0	170	-5.53617e-09	0	170	-2.16529e-09	0	
171	1.94876e-09	0	171	-4.98255e-09	0	171	4.98255e-09	0	171	1.94876e-09	0	171	-1.94876e-09	0	171	4.98255e-09	0	171	-4.98255e-09	0	171	-1.94876e-09	0	
172	1.75388e-09	0	172	-4.4843e-09	0	172	4.4843e-09	0	172	1.75388e-09	0	172	-1.75388e-09	0	172	4.4843e-09	0	172	-4.4843e-09	0	172	-1.75388e-09	0	
